{
 "cells": [
  {
   "cell_type": "markdown",
   "metadata": {},
   "source": [
    "# Gaussian Discriminant Analysis On Wisconsin Diagnostic Breast Cancer Dataset"
   ]
  },
  {
   "cell_type": "code",
   "execution_count": 184,
   "metadata": {
    "ExecuteTime": {
     "end_time": "2021-03-27T13:58:58.297022Z",
     "start_time": "2021-03-27T13:58:58.290209Z"
    }
   },
   "outputs": [],
   "source": [
    "import pandas as pd #读csv\n",
    "import numpy as np\n",
    "import matplotlib.pyplot as plt\n",
    "import math\n",
    "from sklearn import metrics"
   ]
  },
  {
   "cell_type": "markdown",
   "metadata": {},
   "source": [
    "## 读取数据"
   ]
  },
  {
   "cell_type": "code",
   "execution_count": 13,
   "metadata": {
    "ExecuteTime": {
     "end_time": "2021-03-27T11:52:57.804060Z",
     "start_time": "2021-03-27T11:52:57.416421Z"
    }
   },
   "outputs": [],
   "source": [
    "df = pd.read_csv('/home/ysq/桌面/BreastCancer/wdbc.data',header=None)"
   ]
  },
  {
   "cell_type": "code",
   "execution_count": 14,
   "metadata": {
    "ExecuteTime": {
     "end_time": "2021-03-27T11:52:58.161478Z",
     "start_time": "2021-03-27T11:52:57.808630Z"
    }
   },
   "outputs": [
    {
     "name": "stdout",
     "output_type": "stream",
     "text": [
      "<class 'pandas.core.frame.DataFrame'>\n",
      "RangeIndex: 569 entries, 0 to 568\n",
      "Data columns (total 32 columns):\n",
      "0     569 non-null int64\n",
      "1     569 non-null object\n",
      "2     569 non-null float64\n",
      "3     569 non-null float64\n",
      "4     569 non-null float64\n",
      "5     569 non-null float64\n",
      "6     569 non-null float64\n",
      "7     569 non-null float64\n",
      "8     569 non-null float64\n",
      "9     569 non-null float64\n",
      "10    569 non-null float64\n",
      "11    569 non-null float64\n",
      "12    569 non-null float64\n",
      "13    569 non-null float64\n",
      "14    569 non-null float64\n",
      "15    569 non-null float64\n",
      "16    569 non-null float64\n",
      "17    569 non-null float64\n",
      "18    569 non-null float64\n",
      "19    569 non-null float64\n",
      "20    569 non-null float64\n",
      "21    569 non-null float64\n",
      "22    569 non-null float64\n",
      "23    569 non-null float64\n",
      "24    569 non-null float64\n",
      "25    569 non-null float64\n",
      "26    569 non-null float64\n",
      "27    569 non-null float64\n",
      "28    569 non-null float64\n",
      "29    569 non-null float64\n",
      "30    569 non-null float64\n",
      "31    569 non-null float64\n",
      "dtypes: float64(30), int64(1), object(1)\n",
      "memory usage: 142.3+ KB\n"
     ]
    }
   ],
   "source": [
    "df.info()"
   ]
  },
  {
   "cell_type": "markdown",
   "metadata": {},
   "source": [
    "### df.info()返回了数据集的摘要，可以看出：\n",
    "- 数据集为569*31的矩阵，即有569条数据，每条数据有31个属性\n",
    "- 属性0为每个样本的唯一ID，这个属性在分类时用不到，可以删除\n",
    "- 属性1为非数值型数据，是每个数据为良性或恶性的标记，可作为分类的真值\n",
    "- 属性2~31为数值型数据，这些属性将作为我们分类时用到的属性，可以认为一个数据是否为良性或恶性由这些属性决定\n",
    "- 该数据集中没有缺失值"
   ]
  },
  {
   "cell_type": "markdown",
   "metadata": {},
   "source": [
    "## 数据预处理\n",
    "- 删除ID列，即第0列\n",
    "- 对2~31列的数据标准化处理\n",
    "- 为标签编码\n",
    "- 增广矩阵：添加一个全1列为偏置做准备"
   ]
  },
  {
   "cell_type": "code",
   "execution_count": 15,
   "metadata": {
    "ExecuteTime": {
     "end_time": "2021-03-27T11:52:58.211093Z",
     "start_time": "2021-03-27T11:52:58.167430Z"
    },
    "code_folding": []
   },
   "outputs": [
    {
     "name": "stdout",
     "output_type": "stream",
     "text": [
      "(569, 31)\n",
      "删除成功\n"
     ]
    }
   ],
   "source": [
    "#df = df[~df[0].isin([911296202,865423,8610862])]\n",
    "#删除第0列\n",
    "df_ = df.drop(df.columns[0],axis=1)\n",
    "print(df_.shape) #显示是否删除成功\n",
    "if df_.shape[1] == df.shape[1]-1:\n",
    "    print(\"删除成功\")"
   ]
  },
  {
   "cell_type": "code",
   "execution_count": 16,
   "metadata": {
    "ExecuteTime": {
     "end_time": "2021-03-27T11:52:58.513106Z",
     "start_time": "2021-03-27T11:52:58.212492Z"
    }
   },
   "outputs": [
    {
     "data": {
      "text/html": [
       "<div>\n",
       "<style scoped>\n",
       "    .dataframe tbody tr th:only-of-type {\n",
       "        vertical-align: middle;\n",
       "    }\n",
       "\n",
       "    .dataframe tbody tr th {\n",
       "        vertical-align: top;\n",
       "    }\n",
       "\n",
       "    .dataframe thead th {\n",
       "        text-align: right;\n",
       "    }\n",
       "</style>\n",
       "<table border=\"1\" class=\"dataframe\">\n",
       "  <thead>\n",
       "    <tr style=\"text-align: right;\">\n",
       "      <th></th>\n",
       "      <th>1</th>\n",
       "      <th>2</th>\n",
       "      <th>3</th>\n",
       "      <th>4</th>\n",
       "      <th>5</th>\n",
       "      <th>6</th>\n",
       "      <th>7</th>\n",
       "      <th>8</th>\n",
       "      <th>9</th>\n",
       "      <th>10</th>\n",
       "      <th>...</th>\n",
       "      <th>22</th>\n",
       "      <th>23</th>\n",
       "      <th>24</th>\n",
       "      <th>25</th>\n",
       "      <th>26</th>\n",
       "      <th>27</th>\n",
       "      <th>28</th>\n",
       "      <th>29</th>\n",
       "      <th>30</th>\n",
       "      <th>31</th>\n",
       "    </tr>\n",
       "  </thead>\n",
       "  <tbody>\n",
       "    <tr>\n",
       "      <th>0</th>\n",
       "      <td>M</td>\n",
       "      <td>17.99</td>\n",
       "      <td>10.38</td>\n",
       "      <td>122.80</td>\n",
       "      <td>1001.0</td>\n",
       "      <td>0.11840</td>\n",
       "      <td>0.27760</td>\n",
       "      <td>0.3001</td>\n",
       "      <td>0.14710</td>\n",
       "      <td>0.2419</td>\n",
       "      <td>...</td>\n",
       "      <td>25.38</td>\n",
       "      <td>17.33</td>\n",
       "      <td>184.60</td>\n",
       "      <td>2019.0</td>\n",
       "      <td>0.1622</td>\n",
       "      <td>0.6656</td>\n",
       "      <td>0.7119</td>\n",
       "      <td>0.2654</td>\n",
       "      <td>0.4601</td>\n",
       "      <td>0.11890</td>\n",
       "    </tr>\n",
       "    <tr>\n",
       "      <th>1</th>\n",
       "      <td>M</td>\n",
       "      <td>20.57</td>\n",
       "      <td>17.77</td>\n",
       "      <td>132.90</td>\n",
       "      <td>1326.0</td>\n",
       "      <td>0.08474</td>\n",
       "      <td>0.07864</td>\n",
       "      <td>0.0869</td>\n",
       "      <td>0.07017</td>\n",
       "      <td>0.1812</td>\n",
       "      <td>...</td>\n",
       "      <td>24.99</td>\n",
       "      <td>23.41</td>\n",
       "      <td>158.80</td>\n",
       "      <td>1956.0</td>\n",
       "      <td>0.1238</td>\n",
       "      <td>0.1866</td>\n",
       "      <td>0.2416</td>\n",
       "      <td>0.1860</td>\n",
       "      <td>0.2750</td>\n",
       "      <td>0.08902</td>\n",
       "    </tr>\n",
       "    <tr>\n",
       "      <th>2</th>\n",
       "      <td>M</td>\n",
       "      <td>19.69</td>\n",
       "      <td>21.25</td>\n",
       "      <td>130.00</td>\n",
       "      <td>1203.0</td>\n",
       "      <td>0.10960</td>\n",
       "      <td>0.15990</td>\n",
       "      <td>0.1974</td>\n",
       "      <td>0.12790</td>\n",
       "      <td>0.2069</td>\n",
       "      <td>...</td>\n",
       "      <td>23.57</td>\n",
       "      <td>25.53</td>\n",
       "      <td>152.50</td>\n",
       "      <td>1709.0</td>\n",
       "      <td>0.1444</td>\n",
       "      <td>0.4245</td>\n",
       "      <td>0.4504</td>\n",
       "      <td>0.2430</td>\n",
       "      <td>0.3613</td>\n",
       "      <td>0.08758</td>\n",
       "    </tr>\n",
       "    <tr>\n",
       "      <th>3</th>\n",
       "      <td>M</td>\n",
       "      <td>11.42</td>\n",
       "      <td>20.38</td>\n",
       "      <td>77.58</td>\n",
       "      <td>386.1</td>\n",
       "      <td>0.14250</td>\n",
       "      <td>0.28390</td>\n",
       "      <td>0.2414</td>\n",
       "      <td>0.10520</td>\n",
       "      <td>0.2597</td>\n",
       "      <td>...</td>\n",
       "      <td>14.91</td>\n",
       "      <td>26.50</td>\n",
       "      <td>98.87</td>\n",
       "      <td>567.7</td>\n",
       "      <td>0.2098</td>\n",
       "      <td>0.8663</td>\n",
       "      <td>0.6869</td>\n",
       "      <td>0.2575</td>\n",
       "      <td>0.6638</td>\n",
       "      <td>0.17300</td>\n",
       "    </tr>\n",
       "    <tr>\n",
       "      <th>4</th>\n",
       "      <td>M</td>\n",
       "      <td>20.29</td>\n",
       "      <td>14.34</td>\n",
       "      <td>135.10</td>\n",
       "      <td>1297.0</td>\n",
       "      <td>0.10030</td>\n",
       "      <td>0.13280</td>\n",
       "      <td>0.1980</td>\n",
       "      <td>0.10430</td>\n",
       "      <td>0.1809</td>\n",
       "      <td>...</td>\n",
       "      <td>22.54</td>\n",
       "      <td>16.67</td>\n",
       "      <td>152.20</td>\n",
       "      <td>1575.0</td>\n",
       "      <td>0.1374</td>\n",
       "      <td>0.2050</td>\n",
       "      <td>0.4000</td>\n",
       "      <td>0.1625</td>\n",
       "      <td>0.2364</td>\n",
       "      <td>0.07678</td>\n",
       "    </tr>\n",
       "  </tbody>\n",
       "</table>\n",
       "<p>5 rows × 31 columns</p>\n",
       "</div>"
      ],
      "text/plain": [
       "  1      2      3       4       5        6        7       8        9       10  \\\n",
       "0  M  17.99  10.38  122.80  1001.0  0.11840  0.27760  0.3001  0.14710  0.2419   \n",
       "1  M  20.57  17.77  132.90  1326.0  0.08474  0.07864  0.0869  0.07017  0.1812   \n",
       "2  M  19.69  21.25  130.00  1203.0  0.10960  0.15990  0.1974  0.12790  0.2069   \n",
       "3  M  11.42  20.38   77.58   386.1  0.14250  0.28390  0.2414  0.10520  0.2597   \n",
       "4  M  20.29  14.34  135.10  1297.0  0.10030  0.13280  0.1980  0.10430  0.1809   \n",
       "\n",
       "    ...        22     23      24      25      26      27      28      29  \\\n",
       "0   ...     25.38  17.33  184.60  2019.0  0.1622  0.6656  0.7119  0.2654   \n",
       "1   ...     24.99  23.41  158.80  1956.0  0.1238  0.1866  0.2416  0.1860   \n",
       "2   ...     23.57  25.53  152.50  1709.0  0.1444  0.4245  0.4504  0.2430   \n",
       "3   ...     14.91  26.50   98.87   567.7  0.2098  0.8663  0.6869  0.2575   \n",
       "4   ...     22.54  16.67  152.20  1575.0  0.1374  0.2050  0.4000  0.1625   \n",
       "\n",
       "       30       31  \n",
       "0  0.4601  0.11890  \n",
       "1  0.2750  0.08902  \n",
       "2  0.3613  0.08758  \n",
       "3  0.6638  0.17300  \n",
       "4  0.2364  0.07678  \n",
       "\n",
       "[5 rows x 31 columns]"
      ]
     },
     "execution_count": 16,
     "metadata": {},
     "output_type": "execute_result"
    }
   ],
   "source": [
    "df_.head() #查看当前数据"
   ]
  },
  {
   "cell_type": "code",
   "execution_count": 17,
   "metadata": {
    "ExecuteTime": {
     "end_time": "2021-03-27T11:52:59.755928Z",
     "start_time": "2021-03-27T11:52:58.515166Z"
    }
   },
   "outputs": [
    {
     "data": {
      "text/plain": [
       "(569, 30)"
      ]
     },
     "execution_count": 17,
     "metadata": {},
     "output_type": "execute_result"
    }
   ],
   "source": [
    "#数据标准化\n",
    "from sklearn.preprocessing import StandardScaler\n",
    "scaler = StandardScaler()#实例化\n",
    "df_tmp = df_.drop(df.columns[1],axis=1)\n",
    "std = scaler.fit_transform(df_tmp) #ndarray\n",
    "#将ndarray转为dataframe\n",
    "df_std = pd.DataFrame(std)\n",
    "df_std.shape"
   ]
  },
  {
   "cell_type": "markdown",
   "metadata": {},
   "source": [
    "### 统计数据集中良性(benign)和恶性(malignant)的个数"
   ]
  },
  {
   "cell_type": "code",
   "execution_count": 18,
   "metadata": {
    "ExecuteTime": {
     "end_time": "2021-03-27T11:53:00.030065Z",
     "start_time": "2021-03-27T11:52:59.761354Z"
    }
   },
   "outputs": [
    {
     "name": "stdout",
     "output_type": "stream",
     "text": [
      "['M', 'M', 'M', 'M', 'M', 'M', 'M', 'M', 'M', 'M', 'M', 'M', 'M', 'M', 'M', 'M', 'M', 'M', 'M', 'B', 'B', 'B', 'M', 'M', 'M', 'M', 'M', 'M', 'M', 'M', 'M', 'M', 'M', 'M', 'M', 'M', 'M', 'B', 'M', 'M', 'M', 'M', 'M', 'M', 'M', 'M', 'B', 'M', 'B', 'B', 'B', 'B', 'B', 'M', 'M', 'B', 'M', 'M', 'B', 'B', 'B', 'B', 'M', 'B', 'M', 'M', 'B', 'B', 'B', 'B', 'M', 'B', 'M', 'M', 'B', 'M', 'B', 'M', 'M', 'B', 'B', 'B', 'M', 'M', 'B', 'M', 'M', 'M', 'B', 'B', 'B', 'M', 'B', 'B', 'M', 'M', 'B', 'B', 'B', 'M', 'M', 'B', 'B', 'B', 'B', 'M', 'B', 'B', 'M', 'B', 'B', 'B', 'B', 'B', 'B', 'B', 'B', 'M', 'M', 'M', 'B', 'M', 'M', 'B', 'B', 'B', 'M', 'M', 'B', 'M', 'B', 'M', 'M', 'B', 'M', 'M', 'B', 'B', 'M', 'B', 'B', 'M', 'B', 'B', 'B', 'B', 'M', 'B', 'B', 'B', 'B', 'B', 'B', 'B', 'B', 'B', 'M', 'B', 'B', 'B', 'B', 'M', 'M', 'B', 'M', 'B', 'B', 'M', 'M', 'B', 'B', 'M', 'M', 'B', 'B', 'B', 'B', 'M', 'B', 'B', 'M', 'M', 'M', 'B', 'M', 'B', 'M', 'B', 'B', 'B', 'M', 'B', 'B', 'M', 'M', 'B', 'M', 'M', 'M', 'M', 'B', 'M', 'M', 'M', 'B', 'M', 'B', 'M', 'B', 'B', 'M', 'B', 'M', 'M', 'M', 'M', 'B', 'B', 'M', 'M', 'B', 'B', 'B', 'M', 'B', 'B', 'B', 'B', 'B', 'M', 'M', 'B', 'B', 'M', 'B', 'B', 'M', 'M', 'B', 'M', 'B', 'B', 'B', 'B', 'M', 'B', 'B', 'B', 'B', 'B', 'M', 'B', 'M', 'M', 'M', 'M', 'M', 'M', 'M', 'M', 'M', 'M', 'M', 'M', 'M', 'M', 'B', 'B', 'B', 'B', 'B', 'B', 'M', 'B', 'M', 'B', 'B', 'M', 'B', 'B', 'M', 'B', 'M', 'M', 'B', 'B', 'B', 'B', 'B', 'B', 'B', 'B', 'B', 'B', 'B', 'B', 'B', 'M', 'B', 'B', 'M', 'B', 'M', 'B', 'B', 'B', 'B', 'B', 'B', 'B', 'B', 'B', 'B', 'B', 'B', 'B', 'B', 'M', 'B', 'B', 'B', 'M', 'B', 'M', 'B', 'B', 'B', 'B', 'M', 'M', 'M', 'B', 'B', 'B', 'B', 'M', 'B', 'M', 'B', 'M', 'B', 'B', 'B', 'M', 'B', 'B', 'B', 'B', 'B', 'B', 'B', 'M', 'M', 'M', 'B', 'B', 'B', 'B', 'B', 'B', 'B', 'B', 'B', 'B', 'B', 'M', 'M', 'B', 'M', 'M', 'M', 'B', 'M', 'M', 'B', 'B', 'B', 'B', 'B', 'M', 'B', 'B', 'B', 'B', 'B', 'M', 'B', 'B', 'B', 'M', 'B', 'B', 'M', 'M', 'B', 'B', 'B', 'B', 'B', 'B', 'M', 'B', 'B', 'B', 'B', 'B', 'B', 'B', 'M', 'B', 'B', 'B', 'B', 'B', 'M', 'B', 'B', 'M', 'B', 'B', 'B', 'B', 'B', 'B', 'B', 'B', 'B', 'B', 'B', 'B', 'M', 'B', 'M', 'M', 'B', 'M', 'B', 'B', 'B', 'B', 'B', 'M', 'B', 'B', 'M', 'B', 'M', 'B', 'B', 'M', 'B', 'M', 'B', 'B', 'B', 'B', 'B', 'B', 'B', 'B', 'M', 'M', 'B', 'B', 'B', 'B', 'B', 'B', 'M', 'B', 'B', 'B', 'B', 'B', 'B', 'B', 'B', 'B', 'B', 'M', 'B', 'B', 'B', 'B', 'B', 'B', 'B', 'M', 'B', 'M', 'B', 'B', 'M', 'B', 'B', 'B', 'B', 'B', 'M', 'M', 'B', 'M', 'B', 'M', 'B', 'B', 'B', 'B', 'B', 'M', 'B', 'B', 'M', 'B', 'M', 'B', 'M', 'M', 'B', 'B', 'B', 'M', 'B', 'B', 'B', 'B', 'B', 'B', 'B', 'B', 'B', 'B', 'B', 'M', 'B', 'M', 'M', 'B', 'B', 'B', 'B', 'B', 'B', 'B', 'B', 'B', 'B', 'B', 'B', 'B', 'B', 'B', 'B', 'B', 'B', 'B', 'B', 'B', 'B', 'B', 'B', 'B', 'M', 'M', 'M', 'M', 'M', 'M', 'B']\n"
     ]
    }
   ],
   "source": [
    "label_list = df_[1].values.tolist() #将标签列转为列表\n",
    "dict(zip(*np.unique(label_list, return_counts=True)))\n",
    "# 有357个良性，212个恶性 \n",
    "print(label_list)"
   ]
  },
  {
   "cell_type": "markdown",
   "metadata": {},
   "source": [
    "### 对标记列进行one-hot编码\n",
    "- 将M--恶性 编码为1，将B-- 良性编码为0"
   ]
  },
  {
   "cell_type": "code",
   "execution_count": 19,
   "metadata": {
    "ExecuteTime": {
     "end_time": "2021-03-27T11:53:00.099059Z",
     "start_time": "2021-03-27T11:53:00.036981Z"
    }
   },
   "outputs": [
    {
     "name": "stdout",
     "output_type": "stream",
     "text": [
      "(569,)\n"
     ]
    }
   ],
   "source": [
    "from sklearn.preprocessing import LabelEncoder\n",
    "coder = LabelEncoder()#实例化\n",
    "label = coder.fit_transform(label_list) #y空间\n",
    "print(label.shape)\n",
    "#将M--恶性 编码为1，将B-- 良性编码为0"
   ]
  },
  {
   "cell_type": "markdown",
   "metadata": {},
   "source": [
    "#### 将编码后的列作为属性label加入df_std(已标准化后的dataframe)\n",
    "当前，所有数据已被标准化，data就是X空间，label就是Y空间 "
   ]
  },
  {
   "cell_type": "code",
   "execution_count": 20,
   "metadata": {
    "ExecuteTime": {
     "end_time": "2021-03-27T11:53:00.176505Z",
     "start_time": "2021-03-27T11:53:00.103987Z"
    }
   },
   "outputs": [],
   "source": [
    "data = df_std.values #X空间"
   ]
  },
  {
   "cell_type": "markdown",
   "metadata": {},
   "source": [
    "## 绘制混淆矩阵的函数"
   ]
  },
  {
   "cell_type": "code",
   "execution_count": 21,
   "metadata": {
    "ExecuteTime": {
     "end_time": "2021-03-27T11:53:00.247172Z",
     "start_time": "2021-03-27T11:53:00.182115Z"
    },
    "code_folding": [
     1
    ]
   },
   "outputs": [],
   "source": [
    "#绘制混淆矩阵\n",
    "def confusion_matrix(matrix):\n",
    "    \"\"\"\n",
    "        传入混淆矩阵，绘制图像\n",
    "    \"\"\"\n",
    "    guess = [\"malignant\",\"benign\"]\n",
    "    fact = [ \"malignant\",\"benign\"]\n",
    "    classes = list(set(fact))\n",
    "    classes.sort(reverse=True)\n",
    "    r1=matrix\n",
    "\n",
    "    plt.figure(figsize=(8,5))       #设置plt窗口的大小\n",
    "    confusion =r1\n",
    "    print(\"confusion\",confusion)\n",
    "    plt.imshow(confusion, cmap=plt.cm.Blues)\n",
    "    indices = range(len(confusion))\n",
    "    indices2 = range(3)\n",
    "    plt.xticks(indices, classes,rotation=40,fontsize=18)\n",
    "    plt.yticks([0.00,1.00], classes,fontsize=18)\n",
    "    plt.ylim(1.5 , -0.5)   #设置y的纵坐标的上下限\n",
    "\n",
    "    plt.title(\"Confusion matrix\",fontdict={'weight':'normal','size': 18})\n",
    "    #设置color bar的标签大小\n",
    "    cb=plt.colorbar()\n",
    "    cb.ax.tick_params(labelsize=10)\n",
    "    plt.xlabel('Predict label',fontsize=18)\n",
    "    plt.ylabel('True label',fontsize=18)\n",
    "\n",
    "    print(\"len(confusion)\",len(confusion))\n",
    "    for first_index in range(len(confusion)):\n",
    "        for second_index in range(len(confusion[first_index])):\n",
    "            if confusion[first_index][second_index]>200:\n",
    "                color=\"w\"\n",
    "            else:\n",
    "                color=\"black\"\n",
    "            plt.text(first_index, second_index, confusion[first_index][second_index],fontsize=18, color = color,verticalalignment='center',horizontalalignment='center',)\n",
    "    plt.show()"
   ]
  },
  {
   "cell_type": "markdown",
   "metadata": {},
   "source": [
    "## 构建模型"
   ]
  },
  {
   "cell_type": "code",
   "execution_count": 194,
   "metadata": {
    "ExecuteTime": {
     "end_time": "2021-03-27T14:05:24.466068Z",
     "start_time": "2021-03-27T14:05:24.439183Z"
    },
    "code_folding": []
   },
   "outputs": [],
   "source": [
    "class GaussianDiscriminantAnalysis:\n",
    "    def __init__(self,X_train,y_train,X_test,y_test):\n",
    "        \"\"\"\n",
    "            类初始化函数，传递参数为：\n",
    "            X_train 训练集数据\n",
    "            y_train 训练集标签\n",
    "            X_test 测试集数据\n",
    "            y_test 测试集标签\n",
    "            内建属性:parameters GDA的参数: u0 第0类均值,u1 第1类均值,phi Bernoulli分布参数(Y=1的概率),sigma 协方差矩阵\n",
    "        \"\"\"\n",
    "        self.X_train = X_train\n",
    "        self.y_train = y_train\n",
    "        self.X_test = X_test\n",
    "        self.y_test = y_test\n",
    "        self.parameters = {}#空字典，用于存储GDA的参数\n",
    "    def compute_GDA_parameters(self):\n",
    "        \"\"\"\n",
    "            用于计算GDA模型的参数u0,u1,pho,sigma\n",
    "            将计算结果带回到self.parameters中\n",
    "        \"\"\"\n",
    "        #获取(各类的元素下标\n",
    "        row_index_M = np.where(self.y_train==1)#返回一个包含训练集中所有类别为1的元素下标的元组\n",
    "        row_index_B = np.where(self.y_train==0)#返回一个包含训练集中所有类别为0的元素下标的元组\n",
    "        #计算均值\n",
    "        u = lambda row_index : np.mean(X_train[row_index],axis=0,keepdims=True)#计算列方向上的均值\n",
    "        u0 = u(row_index_B)\n",
    "        u1 = u(row_index_M)\n",
    "        \n",
    "        #计算Bernoulli分布参数phi\n",
    "        num_M = row_index_M[0].shape[0]#统计训练集中类别为1的样本个数\n",
    "        phi = num_M/y_train.shape[0]\n",
    "        \n",
    "    #计算协方差矩阵\n",
    "     #分治计算，先算类别1的后算类别0的，二者合起来后在除总样本数\n",
    "        #计算类别为m的部分协方差矩阵\n",
    "        sigma = np.zeros([u0.shape[1],u0.shape[1]])#初始化为0矩阵\n",
    "        for i in range(self.X_train.shape[0]):#遍历训练集所有样本\n",
    "            if y_train[i] == 0:#若为第0类\n",
    "                sigma += (self.X_train[i]-u0).T@(self.X_train[i]-u0)#向量相乘\n",
    "            if y_train[i] == 1:\n",
    "                sigma += (self.X_train[i]-u1).T@(self.X_train[i]-u1)\n",
    "        sigma *= (1/self.X_train.shape[0]) \n",
    "        \n",
    "        #将参数带回到结构体中\n",
    "        self.parameters['u0'] = u0\n",
    "        self.parameters['u1'] = u1\n",
    "        self.parameters['phi'] = phi\n",
    "        self.parameters['sigma'] = sigma\n",
    "        \n",
    "    def multi_variable_gaussian(self,class_):\n",
    "        \"\"\"\n",
    "            根据多元高斯分布方式计算条件概率\n",
    "            输入参数是class_ 是类别的数字，如0或1\n",
    "            返回值是一个列表，代表当前样本\n",
    "        \"\"\"\n",
    "        #接收预测概率的集合\n",
    "        prob_list = []\n",
    "        #均值\n",
    "        u = self.parameters['u'+str(class_)]\n",
    "        for i in range(self.X_test.shape[0]):#遍历测试集\n",
    "            #分子\n",
    "            numerator = np.exp(-0.5*(self.X_test[i]-u)@(np.linalg.inv(self.parameters['sigma']))@(self.X_test[i]-u).T)\n",
    "            #分母\n",
    "            denominator = (2*np.pi)**(u.shape[1]/2)*(np.linalg.det(self.parameters['sigma'])**0.5)\n",
    "            prob = np.float64(numerator/denominator)\n",
    "            prob_list.append(prob)\n",
    "        return prob_list\n",
    "    def hypothesis(self):\n",
    "        \"\"\"\n",
    "            对测试集进行预测\n",
    "            返回值两个列表组成的元组，分别代表了当前样本根据贝叶斯公式计算出的属于两类的概率\n",
    "        \"\"\"\n",
    "        #计算条件概率\n",
    "        pMlist = np.array(self.multi_variable_gaussian(1))\n",
    "        pBlist = np.array(self.multi_variable_gaussian(0))\n",
    "        #接收预测概率的列表\n",
    "        hyp_M_list = []\n",
    "        hyp_B_list = []\n",
    "        for i in range(pMlist.shape[0]):\n",
    "            p_M = pMlist[i]*self.parameters['phi'] #贝叶斯公式分子\n",
    "            p_B = pBlist[i]*(1-self.parameters['phi'])\n",
    "            _M = p_M/(p_M+p_B) #求出属于第1类概率\n",
    "            _B = p_B/(p_M+p_B) #求出属于第0类概率\n",
    "            hyp_M_list.append(_M)\n",
    "            hyp_B_list.append(_B)\n",
    "        return hyp_B_list,hyp_M_list #注意这里特意将hyp_B_list排在了前面，是为了后面调用np.argmax()更方便返回预测值\n",
    "    \n",
    "    def predict(self):\n",
    "        \"\"\"\n",
    "            根据预测得到的列表对验证集上样本分类\n",
    "        \"\"\"        \n",
    "        hyp = self.hypothesis()#预测值元组\n",
    "        #tuple --> ndarray\n",
    "        _hyp = np.array(hyp)\n",
    "        \n",
    "        prediction = np.argmax(_hyp,axis=0)#按列比大小，返回较大列的下标（0/1）\n",
    "        return prediction\n",
    "        "
   ]
  },
  {
   "cell_type": "markdown",
   "metadata": {},
   "source": [
    "## 进行训练集和测试集的划分\n",
    "- 使用5折分层交叉验证"
   ]
  },
  {
   "cell_type": "code",
   "execution_count": 202,
   "metadata": {
    "ExecuteTime": {
     "end_time": "2021-03-27T14:11:30.900538Z",
     "start_time": "2021-03-27T14:11:30.257129Z"
    },
    "code_folding": []
   },
   "outputs": [
    {
     "name": "stdout",
     "output_type": "stream",
     "text": [
      "\n",
      "------------------第 1 轮\n",
      "模型训练完毕！参数为:\n",
      " {'u0': array([[-0.53563597, -0.26241954, -0.54890415, -0.52708002, -0.36797032,\n",
      "        -0.49540101, -0.57540866, -0.62030424, -0.30873286, -0.06635322,\n",
      "        -0.45025131,  0.00619279, -0.43356619, -0.42376316,  0.00066203,\n",
      "        -0.26428566, -0.26473341, -0.36894735, -0.0280376 , -0.12824088,\n",
      "        -0.57794416, -0.30517419, -0.58263353, -0.55148307, -0.39368926,\n",
      "        -0.4666649 , -0.53760991, -0.6263342 , -0.34131412, -0.28395802]]), 'u1': array([[ 1.05646172,  0.58668172,  1.06689769,  1.03895307,  0.42094674,\n",
      "         0.73816951,  0.94160394,  1.05416562,  0.34544517, -0.12767333,\n",
      "         0.79818689,  0.03769617,  0.7696847 ,  0.79247471, -0.04413874,\n",
      "         0.36781354,  0.35261257,  0.55658823, -0.0238084 ,  0.06957866,\n",
      "         1.08406715,  0.61788068,  1.08051831,  1.0359749 ,  0.47696241,\n",
      "         0.66166087,  0.82006273,  1.01200275,  0.38013331,  0.25772188]]), 'phi': 0.3722466960352423, 'sigma': array([[ 4.57992117e-01,  9.61000128e-03,  4.49098459e-01,\n",
      "         4.72791578e-01, -4.95127679e-02,  9.81813482e-02,\n",
      "         1.93385892e-01,  2.68065072e-01, -7.23013155e-02,\n",
      "        -2.45986179e-01,  2.76785593e-01, -1.11227866e-01,\n",
      "         2.78771977e-01,  3.54653451e-01, -1.68607976e-01,\n",
      "         1.44083941e-02,  3.62588252e-02,  7.45292565e-02,\n",
      "        -9.66151018e-02, -7.35073597e-02,  3.97366536e-01,\n",
      "        -4.43696837e-02,  3.91481710e-01,  4.09327248e-01,\n",
      "        -1.48944604e-01,  2.27951371e-02,  7.79246792e-02,\n",
      "         1.78274885e-01, -9.74791200e-02, -1.67924207e-01],\n",
      "       [ 9.61000128e-03,  8.79041312e-01,  1.21401143e-02,\n",
      "         1.93553683e-02, -1.61930484e-01,  7.85688769e-03,\n",
      "         2.97323028e-02, -1.40800217e-02, -3.52528249e-02,\n",
      "        -3.98683231e-02,  5.13488227e-02,  4.10333645e-01,\n",
      "         6.01650308e-02,  3.98696907e-02,  6.11207939e-02,\n",
      "         9.02646761e-02,  5.25464519e-02,  2.10838693e-03,\n",
      "         3.13530065e-02,  4.81839067e-02,  2.96879654e-02,\n",
      "         7.66332319e-01,  3.42541039e-02,  4.23959647e-02,\n",
      "        -8.37844837e-02,  4.51157208e-02,  3.54666159e-02,\n",
      "        -2.22731782e-02, -4.11525584e-02,  4.27578582e-04],\n",
      "       [ 4.49098459e-01,  1.21401143e-02,  4.44280400e-01,\n",
      "         4.65492960e-01, -1.75282760e-02,  1.40267865e-01,\n",
      "         2.23581647e-01,  2.87674889e-01, -4.36397940e-02,\n",
      "        -2.00338565e-01,  2.83546740e-01, -1.00527373e-01,\n",
      "         2.91782247e-01,  3.58631624e-01, -1.47449569e-01,\n",
      "         5.24541335e-02,  6.34487592e-02,  9.89851661e-02,\n",
      "        -7.65498836e-02, -4.26771259e-02,  3.89376636e-01,\n",
      "        -4.27231370e-02,  3.88700056e-01,  4.02585571e-01,\n",
      "        -1.23797033e-01,  5.53315760e-02,  1.05203634e-01,\n",
      "         1.95550859e-01, -8.21623378e-02, -1.32600073e-01],\n",
      "       [ 4.72791578e-01,  1.93553683e-02,  4.65492960e-01,\n",
      "         5.13597453e-01, -3.76623565e-02,  1.07155872e-01,\n",
      "         2.21516499e-01,  2.94141899e-01, -6.02043497e-02,\n",
      "        -2.26364023e-01,  3.57096103e-01, -7.83101929e-02,\n",
      "         3.59066952e-01,  4.49021109e-01, -1.18839157e-01,\n",
      "         2.46842527e-02,  4.72205952e-02,  7.87721447e-02,\n",
      "        -6.36957338e-02, -5.60620543e-02,  4.17732531e-01,\n",
      "        -4.23330646e-02,  4.13160464e-01,  4.54814229e-01,\n",
      "        -1.43182759e-01,  1.39713107e-02,  7.65873333e-02,\n",
      "         1.78171061e-01, -1.10138408e-01, -1.70152028e-01],\n",
      "       [-4.95127679e-02, -1.61930484e-01, -1.75282760e-02,\n",
      "        -3.76623565e-02,  8.50228879e-01,  4.48907423e-01,\n",
      "         2.84147359e-01,  2.93600865e-01,  3.97122963e-01,\n",
      "         5.50421582e-01,  1.13920319e-01,  7.91193128e-02,\n",
      "         1.19689469e-01,  7.46351656e-02,  3.59076446e-01,\n",
      "         1.99620328e-01,  1.45605352e-01,  2.47891084e-01,\n",
      "         1.81712774e-01,  2.31415216e-01, -3.44927666e-02,\n",
      "        -1.19307783e-01, -1.02381369e-02, -2.71533687e-02,\n",
      "         6.37968463e-01,  2.40991650e-01,  1.93042030e-01,\n",
      "         2.33056423e-01,  1.94045428e-01,  3.45372161e-01],\n",
      "       [ 9.81813482e-02,  7.85688769e-03,  1.40267865e-01,\n",
      "         1.07155872e-01,  4.48907423e-01,  6.22763633e-01,\n",
      "         4.52875760e-01,  3.71552707e-01,  3.65081822e-01,\n",
      "         5.20136595e-01,  1.66900077e-01,  3.76479109e-02,\n",
      "         2.24329680e-01,  1.47183769e-01,  1.75742828e-01,\n",
      "         5.17560803e-01,  3.66248723e-01,  3.67885471e-01,\n",
      "         1.80224046e-01,  3.87763676e-01,  9.23609907e-02,\n",
      "        -1.17007081e-02,  1.43595817e-01,  9.74120077e-02,\n",
      "         3.20528344e-01,  4.82352960e-01,  4.01805790e-01,\n",
      "         3.39079043e-01,  2.02244314e-01,  4.43469369e-01],\n",
      "       [ 1.93385892e-01,  2.97323028e-02,  2.23581647e-01,\n",
      "         2.21516499e-01,  2.84147359e-01,  4.52875760e-01,\n",
      "         4.71198509e-01,  3.80926838e-01,  2.38835196e-01,\n",
      "         2.94620769e-01,  2.44071795e-01,  6.24231951e-02,\n",
      "         2.89951545e-01,  2.59994722e-01,  1.33940619e-01,\n",
      "         4.07447593e-01,  3.64400012e-01,  3.24610203e-01,\n",
      "         1.35443586e-01,  2.85911667e-01,  1.65422485e-01,\n",
      "        -7.96800411e-03,  2.04417490e-01,  1.87125319e-01,\n",
      "         1.57997449e-01,  3.26434432e-01,  3.74449008e-01,\n",
      "         2.96837106e-01,  7.93974462e-02,  2.50017487e-01],\n",
      "       [ 2.68065072e-01, -1.40800217e-02,  2.87674889e-01,\n",
      "         2.94141899e-01,  2.93600865e-01,  3.71552707e-01,\n",
      "         3.80926838e-01,  4.06071816e-01,  1.90015805e-01,\n",
      "         1.76729569e-01,  2.72108830e-01,  2.42727149e-02,\n",
      "         2.96700669e-01,  2.87192186e-01,  8.13924447e-02,\n",
      "         2.49230276e-01,  2.09186632e-01,  2.76583425e-01,\n",
      "         8.41244830e-02,  1.67815150e-01,  2.35583839e-01,\n",
      "        -5.25906037e-02,  2.58481802e-01,  2.55661139e-01,\n",
      "         1.38256938e-01,  2.11543099e-01,  2.36736667e-01,\n",
      "         2.95059588e-01,  3.98765244e-02,  1.21572209e-01],\n",
      "       [-7.23013155e-02, -3.52528249e-02, -4.36397940e-02,\n",
      "        -6.02043497e-02,  3.97122963e-01,  3.65081822e-01,\n",
      "         2.38835196e-01,  1.90015805e-01,  8.05391189e-01,\n",
      "         4.00064210e-01,  1.03717334e-01,  1.38168671e-01,\n",
      "         1.20795697e-01,  4.52440652e-02,  2.21691950e-01,\n",
      "         2.75015767e-01,  1.86662980e-01,  2.14529553e-01,\n",
      "         3.94448249e-01,  2.01686259e-01, -5.81869156e-02,\n",
      "        -2.69114036e-02, -2.93969297e-02, -4.91975769e-02,\n",
      "         2.72004357e-01,  2.36456732e-01,  1.83098447e-01,\n",
      "         1.49587682e-01,  4.98410828e-01,  2.57552763e-01],\n",
      "       [-2.45986179e-01, -3.98683231e-02, -2.00338565e-01,\n",
      "        -2.26364023e-01,  5.50421582e-01,  5.20136595e-01,\n",
      "         2.94620769e-01,  1.76729569e-01,  4.00064210e-01,\n",
      "         8.51172396e-01,  1.94898987e-03,  1.49040254e-01,\n",
      "         4.44669860e-02, -7.10255381e-02,  3.75593500e-01,\n",
      "         4.63481592e-01,  3.13877507e-01,  2.86317959e-01,\n",
      "         2.67408815e-01,  5.24063032e-01, -2.00882797e-01,\n",
      "        -1.94298727e-02, -1.54995744e-01, -1.83909637e-01,\n",
      "         4.76946130e-01,  3.98531905e-01,  2.94554328e-01,\n",
      "         1.78228342e-01,  2.37769881e-01,  6.40593123e-01],\n",
      "       [ 2.76785593e-01,  5.13488227e-02,  2.83546740e-01,\n",
      "         3.57096103e-01,  1.13920319e-01,  1.66900077e-01,\n",
      "         2.44071795e-01,  2.72108830e-01,  1.03717334e-01,\n",
      "         1.94898987e-03,  7.33378481e-01,  2.05956627e-01,\n",
      "         7.09960746e-01,  7.18547035e-01,  2.12112774e-01,\n",
      "         1.78498532e-01,  1.52173982e-01,  2.49708621e-01,\n",
      "         2.49380400e-01,  1.43323757e-01,  2.91883744e-01,\n",
      "        -5.03556055e-02,  2.93382696e-01,  3.64729423e-01,\n",
      "        -7.59120538e-02, -2.74036889e-02,  1.29146339e-02,\n",
      "         9.47542954e-02, -1.32467513e-01, -1.18290696e-01],\n",
      "       [-1.11227866e-01,  4.10333645e-01, -1.00527373e-01,\n",
      "        -7.83101929e-02,  7.91193128e-02,  3.76479109e-02,\n",
      "         6.24231951e-02,  2.42727149e-02,  1.38168671e-01,\n",
      "         1.49040254e-01,  2.05956627e-01,  1.03203239e+00,\n",
      "         2.06323476e-01,  1.07609814e-01,  4.56704399e-01,\n",
      "         2.16235647e-01,  1.32469272e-01,  1.71155144e-01,\n",
      "         4.40634418e-01,  2.27190088e-01, -1.18543474e-01,\n",
      "         4.40425943e-01, -1.09365342e-01, -8.81631186e-02,\n",
      "        -4.18674026e-02, -8.92835533e-02, -8.05816690e-02,\n",
      "        -1.18218226e-01, -9.71985867e-02, -6.40528638e-02],\n",
      "       [ 2.78771977e-01,  6.01650308e-02,  2.91782247e-01,\n",
      "         3.59066952e-01,  1.19689469e-01,  2.24329680e-01,\n",
      "         2.89951545e-01,  2.96700669e-01,  1.20795697e-01,\n",
      "         4.44669860e-02,  7.09960746e-01,  2.06323476e-01,\n",
      "         7.35664823e-01,  7.07823769e-01,  2.04630452e-01,\n",
      "         2.39308212e-01,  2.02847429e-01,  2.99014446e-01,\n",
      "         2.64042276e-01,  1.66372704e-01,  2.81009681e-01,\n",
      "        -4.09602923e-02,  3.01325319e-01,  3.51189117e-01,\n",
      "        -7.57337136e-02,  3.56104898e-02,  6.88726992e-02,\n",
      "         1.31802863e-01, -1.13786195e-01, -7.53696344e-02],\n",
      "       [ 3.54653451e-01,  3.98696907e-02,  3.58631624e-01,\n",
      "         4.49021109e-01,  7.46351656e-02,  1.47183769e-01,\n",
      "         2.59994722e-01,  2.87192186e-01,  4.52440652e-02,\n",
      "        -7.10255381e-02,  7.18547035e-01,  1.07609814e-01,\n",
      "         7.07823769e-01,  8.02976415e-01,  1.26230585e-01,\n",
      "         1.34412982e-01,  1.30946007e-01,  1.83214749e-01,\n",
      "         1.51016947e-01,  7.95167749e-02,  3.53385197e-01,\n",
      "        -5.00016944e-02,  3.54866046e-01,  4.47126013e-01,\n",
      "        -8.92750341e-02, -1.56272485e-02,  3.88033885e-02,\n",
      "         1.18911895e-01, -1.42866170e-01, -1.35758730e-01],\n",
      "       [-1.68607976e-01,  6.11207939e-02, -1.47449569e-01,\n",
      "        -1.18839157e-01,  3.59076446e-01,  1.75742828e-01,\n",
      "         1.33940619e-01,  8.13924447e-02,  2.21691950e-01,\n",
      "         3.75593500e-01,  2.12112774e-01,  4.56704399e-01,\n",
      "         2.04630452e-01,  1.26230585e-01,  1.03637646e+00,\n",
      "         3.39933023e-01,  2.56869987e-01,  3.59851667e-01,\n",
      "         4.42404666e-01,  4.01066954e-01, -1.77731306e-01,\n",
      "        -1.41600326e-02, -1.61850313e-01, -1.37394190e-01,\n",
      "         3.53751700e-01, -1.72034323e-02, -2.92658583e-02,\n",
      "        -4.34262216e-02, -7.35947894e-02,  1.08742303e-01],\n",
      "       [ 1.44083941e-02,  9.02646761e-02,  5.24541335e-02,\n",
      "         2.46842527e-02,  1.99620328e-01,  5.17560803e-01,\n",
      "         4.07447593e-01,  2.49230276e-01,  2.75015767e-01,\n",
      "         4.63481592e-01,  1.78498532e-01,  2.16235647e-01,\n",
      "         2.39308212e-01,  1.34412982e-01,  3.39933023e-01,\n",
      "         8.30677325e-01,  5.82273607e-01,  5.43951314e-01,\n",
      "         3.18217301e-01,  6.42067273e-01, -5.31018203e-03,\n",
      "         3.11434568e-02,  4.76037606e-02,  2.61580076e-03,\n",
      "         1.05342741e-01,  4.64309944e-01,  3.88687665e-01,\n",
      "         2.35099134e-01,  9.53317144e-02,  4.21831342e-01],\n",
      "       [ 3.62588252e-02,  5.25464519e-02,  6.34487592e-02,\n",
      "         4.72205952e-02,  1.45605352e-01,  3.66248723e-01,\n",
      "         3.64400012e-01,  2.09186632e-01,  1.86662980e-01,\n",
      "         3.13877507e-01,  1.52173982e-01,  1.32469272e-01,\n",
      "         2.02847429e-01,  1.30946007e-01,  2.56869987e-01,\n",
      "         5.82273607e-01,  5.33738526e-01,  4.68642732e-01,\n",
      "         2.17017837e-01,  4.49912739e-01,  9.67676110e-03,\n",
      "        -8.10737965e-04,  4.82224684e-02,  1.66392296e-02,\n",
      "         6.00828964e-02,  2.95733162e-01,  3.50885780e-01,\n",
      "         1.96753232e-01,  3.47252619e-02,  2.63961266e-01],\n",
      "       [ 7.45292565e-02,  2.10838693e-03,  9.89851661e-02,\n",
      "         7.87721447e-02,  2.47891084e-01,  3.67885471e-01,\n",
      "         3.24610203e-01,  2.76583425e-01,  2.14529553e-01,\n",
      "         2.86317959e-01,  2.49708621e-01,  1.71155144e-01,\n",
      "         2.99014446e-01,  1.83214749e-01,  3.59851667e-01,\n",
      "         5.43951314e-01,  4.68642732e-01,  7.17563408e-01,\n",
      "         2.52357780e-01,  4.35102486e-01,  4.30807292e-02,\n",
      "        -8.13875275e-02,  7.81905503e-02,  4.55883075e-02,\n",
      "         8.76548451e-02,  2.10553614e-01,  2.30891587e-01,\n",
      "         2.66818166e-01, -3.52540767e-02,  1.60738848e-01],\n",
      "       [-9.66151018e-02,  3.13530065e-02, -7.65498836e-02,\n",
      "        -6.36957338e-02,  1.81712774e-01,  1.80224046e-01,\n",
      "         1.35443586e-01,  8.41244830e-02,  3.94448249e-01,\n",
      "         2.67408815e-01,  2.49380400e-01,  4.40634418e-01,\n",
      "         2.64042276e-01,  1.51016947e-01,  4.42404666e-01,\n",
      "         3.18217301e-01,  2.17017837e-01,  2.52357780e-01,\n",
      "         9.81196240e-01,  2.87114588e-01, -1.27160318e-01,\n",
      "        -4.79707658e-02, -1.07699240e-01, -1.06857300e-01,\n",
      "        -3.10170414e-02,  1.03434249e-03, -1.86051470e-02,\n",
      "        -5.83156100e-02,  3.33755225e-01,  4.26475377e-03],\n",
      "       [-7.35073597e-02,  4.81839067e-02, -4.26771259e-02,\n",
      "        -5.60620543e-02,  2.31415216e-01,  3.87763676e-01,\n",
      "         2.85911667e-01,  1.67815150e-01,  2.01686259e-01,\n",
      "         5.24063032e-01,  1.43323757e-01,  2.27190088e-01,\n",
      "         1.66372704e-01,  7.95167749e-02,  4.01066954e-01,\n",
      "         6.42067273e-01,  4.49912739e-01,  4.35102486e-01,\n",
      "         2.87114588e-01,  7.24705162e-01, -7.73533133e-02,\n",
      "        -1.17953620e-02, -4.34628917e-02, -6.30524137e-02,\n",
      "         1.40701649e-01,  2.94639377e-01,  2.43846526e-01,\n",
      "         1.31019042e-01,  2.15006898e-02,  4.53097466e-01],\n",
      "       [ 3.97366536e-01,  2.96879654e-02,  3.89376636e-01,\n",
      "         4.17732531e-01, -3.44927666e-02,  9.23609907e-02,\n",
      "         1.65422485e-01,  2.35583839e-01, -5.81869156e-02,\n",
      "        -2.00882797e-01,  2.91883744e-01, -1.18543474e-01,\n",
      "         2.81009681e-01,  3.53385197e-01, -1.77731306e-01,\n",
      "        -5.31018203e-03,  9.67676110e-03,  4.30807292e-02,\n",
      "        -1.27160318e-01, -7.73533133e-02,  3.93193915e-01,\n",
      "         2.55330021e-03,  3.83771084e-01,  4.19374635e-01,\n",
      "        -8.56005892e-02,  4.78332913e-02,  8.40386801e-02,\n",
      "         1.78265447e-01, -5.54549488e-02, -1.10386857e-01],\n",
      "       [-4.43696837e-02,  7.66332319e-01, -4.27231370e-02,\n",
      "        -4.23330646e-02, -1.19307783e-01, -1.17007081e-02,\n",
      "        -7.96800411e-03, -5.25906037e-02, -2.69114036e-02,\n",
      "        -1.94298727e-02, -5.03556055e-02,  4.40425943e-01,\n",
      "        -4.09602923e-02, -5.00016944e-02, -1.41600326e-02,\n",
      "         3.11434568e-02, -8.10737965e-04, -8.13875275e-02,\n",
      "        -4.79707658e-02, -1.17953620e-02,  2.55330021e-03,\n",
      "         8.23828491e-01,  5.90599528e-03,  1.08328231e-02,\n",
      "         3.68068588e-02,  8.98465484e-02,  6.10200781e-02,\n",
      "        -1.97577500e-03,  6.16506939e-02,  6.43247568e-02],\n",
